17563096
5790976
9577666
12299703
1587821
2130024
9618525
7494135
12137363
4809397
4760273
7334706
17108450
6370465
9299198
5936399
12770627
8180934
7124028
18772652
9403956
7655265
3587084
2149523
17575991
6390071
18801997
13485253
13358320
8298441
5314162
12934043
14504908
8783984
5726079
12068399
12954754
9343683
13737450
11710567
6532298
8225579
716863
11121001
10226128
18828682
19907452
13691759
15247696
17478450
6480189
6765977
19750453
4767551
5473454
3177963
18213473
4266261
3206538
7092163
5306951
14492495
16325411
11741608
2118701
12051525
8621179
2371609
9138929
15262747
3074521
13633485
13865538
7091562
9063348
8668792
8192467
9719515
6630804
16928880
7038300
14242148
3443653
3643613
4340530
15583403
246462
12666841
4526620
11727364
16680784
10025179
19343380
14814235
14925383
15333333
3866248
1172221
19104027
11780672
15914940
3021237
8810664
14434894
4897507
11860395
6638679
18466840
16757745
15136703
17761755
8751640
11788916
17588237
16473564
910743
6586726
7079481
10666602
3614271
18821276
2844054
14510396
8306248
19681540
626204
1591167
11018682
13500399
16788623
1313504
17387979
12469612
8620989
10917260
5618950
4785503
13943082
10914660
2555981
12254086
2734543
15469240
6463899
2857541
16876530
14706772
3761882
9859999
5823720
4932247
9941416
14492064
9306061
15054968
6678415
8773698
10694663
16061944
7253354
4827690
6731426
5648266
10818764
14455850
10630617
8369360
4367623
11961968
9601886
14194853
6492091
5561042
1176584
8103927
13506132
8596244
8755352
8831078
10715056
11039804
7609881
3864383
9941547
6046239
9666142
1222027
19810035
330755
12181062
6839198
17782036
3451016
3938516
8127926
12855578
2275697
14850773
13183456
9972240
9378929
3710312
780543
215650
8784986
18319036
14789527
2878592
17757389
8486476
15032487
12711860
13392233
11575796
19326797
18638268
9275507
7119691
10002836
15538215
4291612
18320341
14151411
8893608
6289121
17101581
7953241
1795513
7577569
2836119
4656617
12791672
15186048
11156730
15177240
3071211
11000311
4454307
15529900
17231922
4513918
19490370
14678874
13286426
13604551
645513
13055356
7328831
3255068
10580598
16243251
17602679
7380371
1629512
9695465
16139481
17384715
87507
4704450
19310545
3266285
3105240
16186064
8562405
5800233
8521661
10105366
16164116
2614483
18241930
5114143
7425216
11015182
3350224
16710957
18925968
8464422
16578194
3838535
13199968
9619832
10333202
4953185
9224148
7288767
19922476
3733625
3514334
334280
12364054
4627439
11311876
2676340
19150049
19183076
13024542
14844325
2280969
6881600
1546098
5214958
3747378
6470258
6842692
8804976
6696871
19781034
10888705
17646104
5024908
13480631
8089084
19747478
12327965
15268401
7382712
71651
9614213
8567693
17721044
14589063
4839248
14914389
15137655
8440063
16417271
2657860
8851847
1531386
1511539
1663931
12844360
10921128
14496807
7548540
6976967
7184469
936251
10168427
5382031
7252514
18166626
3965384
7003565
12957106
16470307
17771549
2025790
18053101
3941733
19672474
11144327
5623400
9468944
7159700
11108740
8245524
6256624
9319020
5952521
4087620
2119136
18092607
9725489
10623989
3597859
4591430
16773861
10725425
2283878
1161543
727110
18769249
7922285
7123518
13840163
8768247
979278
15177603
15574106
6309453
11363634
5180246
18916709
833497
18697324
12349720
15613798
10014475
18402276
13977835
10614230
9084549
4906572
8375393
8155169
14058118
6738689
4402179
13505266
3048531
15931389
9095998
15137699
12384484
15428531
13117354
12519391
16010600
12596507
4551710
141907
7783320
2861642
13559899
13518666
7003681
17993627
11453078
19204422
11152286
14917511
9429021
17048703
1472083
15576069
17935593
8297677
13789556
11095874
2576270
10504204
11551202
15211446
2863336
88262
10012061
1606066
2356052
11304157
5792948
15215511
13520881
9345301
2285333
10196943
12571709
8218053
10938314
919156
6103035
12615223
1927257
12551904
14821368
4925695
11674082
19823308
8448713
10854090
12364136
14456084
9541891
9391265
8294039
1176469
2766351
380407
12749891
13517351
17361474
11621478
18472253
11017664
11211032
19686545
16600714
4179705
2530118
3774322
3408604
11519868
16566986
11044082
2172998
917287
18786001
17148538
18452737
6818200
13499008
8267526
15653207
15591430
9859699
8614990
13997763
17903782
8659029
18298477
12425231
9166485
11889716
2259418
17148694
4704560
13193089
7233996
18374583
14679590
1242996
841428
8928110
11126966
8481551
11064173
9665930
10240425
17903369
7797191
17677155
3875520
3373619
13311254
15885309
8744949
15654141
8951466
16391153
16113815
13661273
14517943
18886061
14172896
7105006
8689285
18315639
18935503
10474260
10214758
13272376
13682876
11498220
19655913
1036605
7200316
940880
15969134
14179059
8418769
2385844
7232958
10906664
1266893
18421526
1136151
3723187
14612840
11307299
6279884
6085597
16683123
17270505
4351103
12492494
17001402
9022240
8231731
14089274
5923348
4592233
10323194
18737558
18692118
10973248
11141192
6727635
5977659
14624099
19495045
1690293
8341638
9365342
4611037
18220802
11028997
8750065
10547506
18652858
10101635
10041222
16483336
17486771
6075319
12478141
11490859
14740205
3479015
8352581
2070146
2998010
186961
9398848
13249358
14836073
12976033
13102990
8278560
2161692
18323509
12909527
3454911
10323478
5292022
281898
13693170
9757965
4149450
5349039
17011116
3725353
16103900
18621270
9411479
15820599
19384143
15363700
11432673
10648268
12936283
5567654
1614996
8399739
18407939
12150205
15137384
14651723
5523588
2993826
16574970
382969
958543
18390856
14207634
6961130
5653350
14053113
8700330
13161363
9757543
18207402
17852315
2724678
6897057
7834073
3394620
6371587
17828823
18706842
1586763
16950781
513745
11904001
4952163
19076134
19716092
3530121
5639825
10983562
7875084
5545314
10517259
3926672
14626315
1287487
10792973
9122027
4668250
6525863
2896814
15134158
19510968
9522825
71535
4754026
16517477
19092952
8868079
18692160
5954599
12669869
19459631
689227
16660785
18168497
16142493
11829231
9099957
19347734
8231087
2282408
10939427
13858015
5361908
2383885
11276255
5770572
2068128
12236240
7310222
19389708
14322068
14390223
12994772
5632984
13090280
13064882
11429085
2662049
10710331
16886004
18690751
17712686
7616109
4571929
4867148
13410168
12591352
4886228
13993342
13471174
8396944
10764480
13568420
563266
8023147
10977140
16935513
15977646
11673897
3370942
16627001
18909558
19266028
13214815
17228564
1015273
19442225
17218173
18649280
4750046
7257336
19390601
19261626
9736450
14276063
3009237
15253961
12980616
1564166
13437582
3545355
16336130
4197135
17829215
15404183
13469340
8233941
8245729
3543176
7156695
17854266
7911592
16179371
2974399
14276752
11265299
11703107
6807386
14089029
12939228
18025199
7078888
17402411
14276372
18508369
19098914
1987662
5298047
17847189
17768805
10809807
13293362
892448
11168504
19643088
7316978
15176509
7179095
12461730
12744276
15206361
8415116
16715603
19617152
12049752
9347187
9920622
10923108
19860468
148084
15764343
13700217
13733581
10793550
1021598
14944836
16129696
15175747
7961375
19162959
14341977
3150407
18983381
19505056
5189632
15410032
9295410
3429630
2014925
11503837
19869102
15610347
17294789
13955751
459789
2609581
11832311
3813173
2111976
13843423
15614290
4020413
7283614
11310480
4078292
19341285
15839797
19766364
6641544
4841446
14815418
3207293
3691196
10427710
15486661
7740571
910761
15937958
2832516
3600176
1524972
11698073
10177891
11683288
8909657
15420349
1261445
5908026
10776661
19529459
7511620
3449936
6574063
15230024
15833525
19007392
11656481
7947031
992620
6074325
4314064
7730265
6023487
18815592
12552968
17604956
5082329
17993240
4925776
11294347
16920284
14309376
4355181
496784
19437710
4727831
1875200
16787390
16888429
9671308
13833490
11641169
11497121
3429350
18870733
8582501
17979332
17883716
1309445
15605893
3072504
1413072
5341734
2990696
10279496
4890675
13847607
11973881
9897860
12261000
14439639
11956555
8866064
9317406
10572980
4571658
19093672
651694
1297007
9634823
10412950
1681225
1141731
13013722
17628154
14343465
732505
7282882
1697020
18207326
12787314
12370261
4389478
11023407
3736299
16546981
1422076
5120061
18570622
16324274
19501615
13368543
11129761
11780026
3982542
7769540
3116365
10785483
5596249
13899164
18087659
17685443
5247702
7030818
16282522
19492560
19025209
9741669
19001585
9203911
14002039
5084911
13558957
13043112
7275947
3692406
6198873
6088742
5668387
4568687
1393607
3304383
10965858
6007521
15486211
15554049
6014369
14741913
11949623
10694859
8476946
12622366
7122649
19781375
2660580
18185601
15190148
13276585
14611473
15266493
4982908
16007625
15215403
9943077
2486119
828773
4896027
14831371
19622051
6646389
12794356
5309152
17447417
3125412
9242517
10957674
9152984
8981948
11806905
16915948
11999439
10996448
16655860
19789684
19128243
1593941
15878844
18728603
7180905
12645449
3244716
10712317
8451900
4240077
10661930
15761991
9016456
2587440
4465637
3963330
6163078
6558892
11265915
6504553
481511
10258241
19018176
13805440
17018703
1276682
568239
3480306
3811919
6189202
13213093
5909916
13122619
19656405
2132937
11308570
19710319
11664507
3653697
8106549
4051462
6727300
18475356
4576199
9955209
10037565
17308206
19592305
6242448
18585344
10764170
4268954
399920
5129512
5508482
14476022
4889079
17798576
2729865
4320238
2804022
591525
16404036
18532400
12817078
3589972
17149027
10257388
13728571
2169945
551350
17931613
18840036
12029037
19268180
1045561
7279009
16997403
12656587
4146519
18538076
9424863
8967033
4284200
2244393
17753849
1598571
13202421
19483887
11387156
13086879
16823234
3543401
5866054
16452072
7366333
5175004
9674096
2574623
19233667
19802096
8472182
5190437
6918619
1637795
5277409
17707701
2602931
8126967
14867634
13746511
3190628
15120777
13117450
12340170
17832113
14683355
2106254
10473144
4552010
7882821
15606844
14976354
11895717
2282298
10402314
15399581
5505852
730056
15523096
19600210
18278835
17862250
5414393
6278703
17911077
12543819
13776081
1918560
11993933
13503574
16004382
8411574
6081600
8172547
11889607
11095069
14467127
18276643
2080798
12934009
19365731
16952663
6264423
2169842
11993343
15619136
17441699
5607639
7556395
2293504
16789450
17618823
7708445
15413668
9765308
5957400
18540632
5750581
12039133
12344517
14256193
1384502
8265039
19818506
3421241
9744148
10487631
10665355
1020959
7372195
4715170
7843379
18051720
3444871
4395798
16087759
6940430
5410628
3729202
2491034
4641632
18327744
19575560
1442431
3450745
16431280
14945804
14872577
10656990
17856070
16234438
6484811
10270410
6662803
6586760
19249614
6286193
6847165
1776828
21412
2565060
9822221
7293337
1213945
12760216
8587376
13718095
4882555
1350055
17937093
17378571
11115396
12915135
4887107
12188042
4465542
13571334
3928220
2534477
2868590
3577138
17211875
16018044
4425541
2677696
10740294
1046199
15655107
2196778
12173215
7976515
7091171
11081575
14939465
523060
2168422
8848300
6006751
4537190
4987309
14428147
12334668
80803
9276903
19670595
15802747
8507492
147246
193112
7970943
18881949
7246072
1886017
15915397
11132524
18138376
12724076
1455782
3996602
15115885
434419
16906868
12879768
11102104
7496789
10691944
3631362
13064721
1680358
696370
5647834
5662334
13203958
12372087
612701
6292559
657345
16986622
17666728
14890357
5078729
9757252
16962658
16107696
5739063
14634791
13857764
19924407
7272488
13002305
8441290
7062610
19790661
1982540
1985251
5759778
17544412
15038672
10192587
10739825
18209924
3699921
15529034
17513736
4375138
10537806
11332357
7000314
18792505
14292786
8499838
2745002
17953522
1569590
5588981
17545956
5975499
8788341
6309016
4773670
4137847
10213135
1167120
3607458
3087865
6496539
14064416
16323860
515519
4996816
16743563
19329598
17334315
10856345
1177369
8922703
9009115
5144306
1406842
17217874
2516522
12034649
4911184
3770927
5723558
4800384
13898882
1116268
15452904
18255730
18458177
16120730
8598856
6665408
10200026
19697475
1248789
9822847
2427254
6516266
18572985
15278667
19570306
18952443
2733348
17718893
17236361
15975551
1026379
6676820
15312305
10594532
7274117
4673626
18470547
4937180
14319185
10290255
203795
10243354
16135155
13877638
13218899
6083836
15634734
17524818
12312662
13366903
13225443
7508064
10845209
17343382
19029823
5340363
8408492
9494333
1131698
5594292
4669720
14099076
19764013
17283349
10598166
13414070
7644478
2642259
5038230
3558248
14442546
8748615
6357543
1396684
16212299
2987498
14168337
18016012
12551455
12902145
12775349
3877418
16650663
10619951
3666249
14261974
18612925
19526594
14651283
4993297
16646107
14791045
1064057
9511513
5068016
1997335
2013197
16497161
3499400
4660451
11661606
5576001
17310881
7214151
5779821
664734
13709535
8668133
7596071
2777752
13363063
6610688
9974738
171805
13276025
3558413
2946751
14465901
9110718
19081755
15689504
19829754
2558993
5314150
15475071
18928100
7282024
15859253
3085467
11140203
4279131
563976
18423588
1375381
19350275
7503839
982783
14606242
16039259
17151984
17612865
12153125
19866546
14171427
11396591
1475622
11234021
7030856
5338268
1934357
17069959
4446073
18229585
17499303
1928229
11139690
7177320
18365521
2776295
12760732
7961936
13123247
4656127
2845643
3174623
3270261
4155945
6844058
17595027
7717143
16968239
14256651
11109625
1455347
9551458
1540757
3585821
17322987
15954789
17787879
17487636
7142559
4413828
19751375
11206873
6854587
7400142
14549483
2295228
5336174
9418315
9433752
5014838
10642429
793033
11903229
5008145
12366503
3913055
3799098
16899032
15146216
7852145
16577574
16090430
10747459
15836842
18980886
187441
3392749
11532365
7401391
19504777
19458828
19474990
9321840
19329880
936589
8903447
6223328
12551686
17180327
16042081
14867644
11206673
12314234
6677580
2578521
5121637
7868059
11620875
4425843
160751
13764565
14798853
10184129
19819895
7867041
8440551
13650168
19442591
600510
11636625
13102916
14452827
7371081
15721297
11449278
10728196
7201880
3658918
2601315
16814939
12652177
6386542
3459500
3506472
3165036
7141150
6208685
11653745
6193176
18283866
8788716
5269764
928068
14436531
5334947
14258752
813516
836173
7980273
17554338
15453831
1599503
2574977
10099722
1589327
9682669
4064452
13413574
9582944
18738913
15752850
18244817
3849301
19471807
1909200
1824175
4686501
16876927
2874376
15393648
4345327
6721996
14975023
7267147
18250219
11845686
6544681
2894347
2871436
19216971
13282254
7678607
14555620
17331890
4776592
10301363
3118453
7023956
17928949
12665904
5027290
14466093
18384381
12558617
17935169
3060351
11174547
8090723
2674356
880982
19658570
8163042
8022676
6802582
19079789
16364246
874444
19374687
70327
9563569
2550696
11530464
5156105
2808607
15953926
19492107
16491942
7143691
3522079
1060074
6046310
6615961
621419
5154547
6187096
8358612
18633350
8628768
8564502
15697972
9740046
1406901
15212542
7941535
5550062
5787041
19774151
6010237
17438223
8515907
16697971
12352969
4339240
3046701
9568590
5901367
17031799
7480350
14181265
18605218
18703710
8638103
3624221
7850512
8186379
10455320
11563305
1414572
8317803
6916305
17970251
15661618
4279027
6374685
594393
19345483
10616405
16276701
5089755
1673859
2096189
18863411
3615628
18736807
13647298
8636595
6685619
8172593
5563017
8203945
17613746
9492882
2236990
585424
10053414
3179211
17721453
19745552
19648781
16612440
15207231
7357470
19010256
7617770
11286538
3166979
18223207
16733294
18302445
5484793
2335609
615068
17671211
1138889
9732247
2461175
15062700
12351237
6243289
300317
12183193
16808925
5436539
11722844
4586265
19471104
3716255
15296409
10389006
5965551
14156879
8357901
15836842
1285789
1626019
15750154
10302111
13270993
12607532
8834425
7958583
18605185
18166582
15468410
11770285
19604001
1505003
16855070
13954962
12389850
5236405
16733259
9287611
10673667
15480699
5996395
12635537
9263752
15055900
6360297
14384030
13114635
922359
6925616
9645674
18560362
1391677
19373794
18830478
10290405
5220778
7742760
7856097
19209034
9934453
14634438
337731
842031
12921382
16120091
13507482
1171501
15160662
8880128
16931263
402837
7952717
10872247
2178271
3118951
519707
4965043
2089272
13228404
10305177
16947015
4916459
16882094
17912511
6853824
14691853
14917044
1808374
17015671
14777218
2724421
17179159
9399612
17009493
7780803
12833882
3739844
3755317
6297386
1591558
15924937
12159244
13870246
19717228
4021412
5077621
1700883
6460497
16863685
8018598
8246827
11803595
15560959
14738202
14024742
18028517
7621109
13880687
14090624
16275921
16800795
10862906
15440846
18131487
8868762
11860812
8315329
14942812
3936573
7933156
14507256
5202596
10015439
7977683
12032966
4462342
9437495
8881989
1998635
4978558
1501620
13995731
10998982
2706723
17197681
7691681
6768625
10553462
17525323
16092530
11576243
10763454
252525
673057
483779
5837699
4294738
14533510
4904384
3336446
4648793
14425740
6604637
10367947
14070735
14249652
18923139
17081992
13657331
11773638
16629822
9018085
6709276
5777825
1354900
5158266
19558736
1811824
9644382
13015343
1911574
4424376
6071802
18312251
3754617
6185627
18519271
955408
17656149
8572310
18070661
6380096
10557087
5557503
1331407
10483801
14052998
14401243
18209075
17800052
5737441
14042748
347557
6752987
15162995
19558897
18669077
5210999
2193947
15155482
14970900
6728084
9624671
11457735
7343907
13969618
7732311
1869259
14293023
16056402
15775991
3515493
2406765
18398031
100581
4981506
10748200
17394903
5857278
8319904
474042
19888115
1462269
4129599
10427873
19090835
18530053
10266017
17070167
7953247
12276181
8060082
19861627
10808416
14930473
4742727
17838992
7305074
14643530
1865152
11763090
225899
15182501
1180246
10398411
19582718
7912325
478472
6279871
12344317
3407943
11430738
17054611
11659689
3268999
9208610
11491737
15978501
12916427
9910354
8005102
15225014
12532333
532164
1565104
10308914
17562166
18740749
10374716
4365251
13274466
8842450
7975431
8803761
690863
6423496
13059318
5376183
16301853
15320978
13194774
3749124
2766180
2474404
12799562
2950126
2220472
16106271
14539301
18867863
1105832
14500499
18703196
6530024
17416693
8410913
6499419
8958815
11670603
19465606
11352373
10090429
8991172
9097563
1868513
11183687
8865811
6811432
14369003
4604277
14400985
18085466
18402593
1007048
10480599
16496206
7626007
13174312
12929815
19897939
6877933
10612237
9339394
10849777
10536585
11226256
10374334
11536499
11470933
17983939
839812
9294663
6456482
9430665
6669246
10806552
9873820
9029681
2882150
1518164
14122791
6055785
16532706
1391561
816299
10554141
5013715
7462935
13987733
9654377
13344251
4317956
8394918
11183533
10615970
11947343
9380481
87252
13724448
5118594
3178338
18780631
5973601
15214515
15445587
4640589
11833751
2818582
7675680
681829
1494741
6301507
5849071
9414283
17817086
1209474
15818593
7738361
8917669
8898302
11647848
9569478
12713869
15440558
11597137
1199318
9780333
10063423
12213425
10320295
15941697
3723724
3318393
14020866
12944132
11007736
360228
17344880
6698241
2039465
16110672
10296212
12934767
5506799
2955561
11748926
11057401
13293684
5356748
6243158
16778316
17567625
10925938
14296588
14311704
12685332
6379119
10554866
19460151
6927173
17605210
11646713
1657858
7358600
4983902
18141538
1355922
15114231
12270290
10754481
12120098
12558634
16513369
3088842
8091846
16704094
5834727
2398457
3054598
7593480
13958425
18606746
16331044
18228759
3277375
8955874
9747247
9252101
3263203
8212814
15832082
3983624
16272850
17542091
11893626
12815490
6010117
14412268
2518429
18607466
17246816
6501995
7597189
3379150
6131715
12107420
13930851
7709939
10928565
435970
18614940
18325613
2537355
1434709
6053544
19001565
18025775
1142833
8404994
12119786
13334337
18757769
2676902
9469675
4489124
2177564
5195826
14772269
11570718
5116939
18602596
11947540
2934857
17636417
18153470
14833504
6747816
15349149
10737246
6968831
4522976
6062090
16551643
7563405
13204197
4517253
12492231
14125671
16315684
2254160
7127906
13322803
13385038
4963511
10732122
19639812
19584820
15957172
15319533
12374468
12803882
8690714
2497920
11733463
10755394
6262775
13353871
9175949
17218671
6856876
6376450
389503
10991217
18986160
10320799
7098185
6605874
10980068
18237869
19907397
15105836
2436171
15466152
10824706
9160895
6375370
10628430
7339619
12038517
13496716
3277732
5243990
17898492
9831704
5449326
14341210
7088616
17313801
7310311
18299375
14339799
12633124
19755760
10343757
2109434
13121862
5287552
3034360
6744433
5866348
14978549
16437051
12785731
3816046
13363168
11423725
5354593
16037698
14928769
15712543
18451370
12750600
2766416
4591592
12526597
5113737
13966229
10626471
4000807
14927939
12069825
4357100
18241437
200516
13932998
13133402
18444138
5918373
17457379
2804397
14377393
966806
18828551
12552170
19267962
4893784
12679654
1178461