32 77
50 48
10 63
6 30
53 4
39 114
32 42
122 19
118 58
16 26
61 113
71 36
99 27
100 125
53 21
83 68
41 34
64 110
89 126
38 112
24 59
120 36
127 100
55 74
61 29
17 43
86 128
51 87
27 70
33 37
119 87
27 82
65 51
97 4
57 74
18 117
59 75
101 96
31 67
80 57
34 46
11 3
5 32
8 72
45 6
119 78
15 3
58 56
123 71
91 31
115 121
73 50
34 108
23 83
43 116
126 116
62 65
40 30
120 41
12 63
102 56
21 47
79 96
119 95
120 98
86 76
28 79
2 61
28 70
40 52
128 20
108 22
84 31
54 23
13 49
1 33
25 5
99 80
64 9
114 111
31 7
35 105
26 93
18 92
121 37
100 92
103 58
49 108
66 75
104 119
37 16
101 97
110 85
93 52
54 81
44 51
35 126
66 7
50 113
57 17
117 15
35 122
94 33
39 13
118 73
76 56
88 8
77 59
83 106
119 109
96 60
29 112
14 31
62 105
124 87
1 114
71 25
69 48
10 64
12 125
38 4
83 3
128 90
8 113
125 107
91 64
90 106
