1000 1000
397 66817 7 995
449 80665 7 990
746 4559 3 990
721 46641 7 990
885 20662 10 990
975 24022 1 994
798 90801 3 994
941 23201 3 990
631 61700 5 996
64 71299 7 995
677 98801 9 997
763 53141 1 998
573 47905 1 994
522 8611 1 992
795 48472 6 995
477 46858 8 993
446 23233 8 990
195 7101 7 992
44 70773 1 990
541 56201 9 990
665 56672 2 990
81 95013 7 991
760 25990 5 995
999 7579 1 990
249 4561 5 997
647 77206 9 992
356 78201 5 992
757 27195 5 998
243 61163 8 992
765 46019 2 998
903 7693 1 998
641 43781 3 990
913 48291 5 990
857 11876 1 994
973 67243 1 998
891 87129 5 992
67 84701 5 990
511 15241 1 996
39 10561 9 998
633 57025 9 999
793 93135 5 990
357 45228 8 990
476 87116 5 999
129 23523 9 990
943 55059 3 990
910 44825 3 990
846 46805 9 991
657 94671 8 994
551 27038 6 994
89 76537 1 994
901 76621 10 996
89 91863 6 994
515 77269 7 996
561 6409 8 998
61 70736 4 997
105 63817 7 995
741 65026 1 995
726 95523 7 994
27 80449 7 996
151 63409 3 996
659 4927 9 993
438 13021 3 994
558 45691 5 990
433 50872 9 995
182 70945 7 994
193 30404 1 996
497 91731 5 990
158 3893 10 998
951 78201 7 990
505 24675 7 993
296 49827 6 992
689 90635 9 994
213 9521 4 996
821 21023 1 994
707 95768 1 999
363 62391 4 996
853 33026 6 999
418 50489 1 999
994 69851 1 996
833 49739 10 997
169 92072 9 996
896 17011 3 992
451 51183 5 990
652 85601 9 996
907 51861 10 995
141 53121 1 990
214 90049 1 990
601 58762 1 996
481 43351 1 990
225 69181 1 990
911 53817 5 998
935 20821 1 990
575 97167 5 990
514 5851 9 990
803 89 7 994
933 46446 3 997
444 23853 1 990
173 24073 9 996
881 78977 6 998
209 11861 5 994
281 77161 9 994
256 27101 1 992
625 88257 1 996
801 1489 9 997
582 18441 5 999
713 76762 2 992
521 8404 3 999
892 26905 9 998
271 4806 9 990
959 36065 6 992
675 90182 3 990
149 89081 2 990
61 22821 3 991
171 77214 9 998
683 74775 1 990
857 41989 1 996
33 53949 3 990
322 95814 1 998
56 11021 1 998
78 17876 5 990
941 3621 7 998
223 52121 6 996
486 52481 1 990
235 66751 9 995
95 77439 5 999
377 3981 5 992
321 73973 5 994
645 39121 1 996
817 55865 9 998
711 63407 3 991
213 60269 9 996
934 51721 5 998
561 92269 1 990
695 94805 1 994
701 88341 9 990
101 94303 3 995
191 77081 1 990
902 92961 1 998
747 46864 1 995
188 58065 9 994
93 89171 3 990
737 1759 1 998
95 19955 7 999
424 86001 5 992
841 70018 1 995
165 10186 1 990
481 98317 1 994
193 58337 5 994
301 9913 5 995
981 3181 1 998
851 49101 1 991
656 44545 1 990
955 66961 9 990
855 87429 1 990
921 93439 9 990
905 59911 3 990
187 46465 7 993
289 48935 7 995
443 47476 3 994
680 76221 9 990
361 40553 6 990
334 48877 6 999
366 40079 7 996
883 10817 8 994
255 18506 1 996
501 87524 7 998
391 55584 3 990
73 49695 3 994
213 85951 9 992
43 39941 9 990
321 35356 1 993
316 75175 1 995
157 61483 5 990
256 39377 3 995
577 64101 5 990
13 84093 1 994
565 44948 1 996
876 95501 1 992
812 91281 9 998
101 11157 9 994
655 72452 1 998
159 47420 7 991
427 70561 8 995
635 36777 1 996
479 44897 3 990
860 49594 3 990
689 58961 1 994
353 8357 1 999
541 95785 10 990
489 66762 2 990
7 88481 6 998
661 83012 1 994
182 42561 4 996
997 33945 6 992
455 40389 3 994
761 72145 4 992
171 37749 1 991
334 61541 1 996
281 78678 7 990
768 38566 1 996
885 25408 7 990
691 52756 6 996
377 3645 5 995
332 40040 10 990
1 28201 3 994
776 34371 2 990
411 24641 1 994
45 68260 1 994
740 88101 4 993
482 34121 5 992
783 38448 1 998
271 8385 5 998
47 72005 1 998
117 81021 3 990
409 74459 7 996
431 48689 1 992
191 77471 4 990
141 76799 5 991
443 34871 1 992
669 57990 10 999
421 41435 9 990
297 26777 3 994
896 71481 1 990
529 471 1 995
48 84659 2 995
9 18809 1 990
921 25762 7 998
757 74145 5 995
93 29475 6 998
703 14610 5 995
927 58701 2 995
630 24681 1 998
566 41289 4 994
705 21725 1 995
122 5733 9 997
303 42905 3 990
261 76021 8 990
57 86337 5 994
745 721 1 998
269 74341 7 993
23 41934 6 990
429 78227 2 991
681 81881 8 992
861 98501 10 994
501 84029 7 998
363 795 1 995
273 71906 7 990
856 23545 7 992
131 58890 7 994
485 88481 1 998
877 50481 1 998
29 28173 1 990
101 80066 5 994
281 7455 8 997
908 14589 1 998
423 86314 2 996
941 1809 7 999
714 40267 6 991
291 76001 1 992
56 70561 5 995
744 77721 4 996
359 40001 9 998
590 52453 1 990
625 881 2 998
589 82451 9 992
783 85606 10 996
275 25501 7 992
837 43004 3 995
417 88193 2 997
477 93385 5 995
661 39018 10 991
429 57153 1 990
697 56475 4 994
296 47245 6 995
633 47316 1 992
778 97561 1 990
154 91637 7 992
23 83137 7 994
33 32440 6 995
449 67547 8 998
652 68441 6 995
97 5521 6 995
731 96869 1 990
142 17358 3 995
653 66339 7 996
665 93046 1 990
521 21191 10 998
559 54651 10 997
657 39901 1 990
291 4757 5 995
201 7354 6 994
1 28637 1 995
457 24088 7 996
633 99699 6 995
441 17043 1 990
23 36891 7 990
825 15537 2 990
970 37901 9 996
241 82901 5 998
749 29977 3 992
381 41311 7 990
609 80236 7 993
838 5449 1 990
932 69990 3 990
651 12481 6 994
446 47221 5 998
1 77801 5 990
825 5491 1 994
325 80618 6 990
873 77006 1 998
741 68351 3 997
161 42713 9 996
137 36183 7 998
49 87737 1 990
588 14241 5 990
434 45473 10 990
821 96863 9 993
841 32673 1 994
517 60392 2 990
80 94253 10 990
351 69585 1 993
735 10751 5 990
567 43295 3 992
476 85117 7 996
396 82357 5 994
724 64193 5 990
724 82969 3 990
826 50806 6 994
671 37575 5 995
223 3867 1 992
208 8271 1 998
953 46968 5 992
745 73481 9 995
547 27715 6 992
751 33133 3 996
321 82537 3 990
680 53235 7 990
801 63987 8 996
885 72777 1 994
955 62785 6 990
666 8104 6 993
574 25471 9 994
17 20691 9 992
253 4028 6 991
249 55621 1 993
900 37686 1 990
817 25685 7 996
86 84606 6 992
501 45016 2 990
4 68987 7 995
761 33314 5 990
241 33161 6 990
540 46041 1 998
70 98112 5 994
851 21291 5 992
98 29361 2 990
353 63361 9 995
967 58128 9 992
170 90925 8 995
625 30011 9 990
518 34037 1 995
536 25540 1 992
23 199 7 998
151 70721 7 998
93 85869 9 994
513 69871 1 990
827 97251 6 994
986 58141 7 992
9 1163 9 994
147 11471 9 994
865 66963 1 990
868 53507 6 991
265 38833 5 994
395 96664 7 995
76 20251 1 998
147 67621 1 993
177 4951 7 994
11 22031 5 992
222 40385 5 992
631 62141 7 996
693 87044 3 992
56 93466 8 990
257 43377 7 997
361 7306 4 992
501 13665 4 998
685 99056 1 994
803 24221 7 990
593 61296 3 996
32 51822 1 996
781 28895 6 992
549 43276 1 994
701 57431 8 990
259 35876 5 990
657 69967 1 996
41 435 9 990
537 67260 5 998
673 58347 1 992
361 65628 10 992
937 70461 6 993
869 55979 10 999
553 32401 3 998
11 26873 5 993
415 54451 7 990
225 38809 1 999
50 80753 7 990
801 31012 6 992
833 79525 9 990
841 60537 6 996
296 46956 5 990
34 62065 1 994
26 57012 9 992
283 81261 1 995
973 76501 1 991
756 44309 10 994
305 55601 1 990
357 11201 6 998
977 32019 6 990
217 31811 7 992
654 43021 5 996
786 92260 9 990
585 67763 1 991
10 35265 1 995
656 64301 1 990
527 84581 3 995
559 27188 5 990
587 55410 2 996
907 21091 9 996
17 24947 10 998
461 49126 8 996
697 52905 10 996
477 43822 9 994
301 42217 10 990
569 33339 9 994
825 42854 1 996
24 81 10 996
816 17123 5 990
549 90207 3 998
831 76385 7 994
482 46353 2 991
622 40939 1 998
275 20653 3 994
465 76881 4 995
705 86756 1 990
915 19989 9 990
677 35509 5 992
115 59957 1 995
501 68411 9 992
389 31201 4 995
5 79521 6 994
506 34689 9 994
841 41491 1 990
631 46616 7 990
956 30016 6 990
651 64230 9 990
441 64629 2 998
671 66691 6 995
449 64481 1 990
921 1473 5 991
537 63655 9 994
81 99253 5 995
381 74666 1 990
778 73669 1 990
429 28556 3 990
253 84487 1 994
260 26007 7 991
379 86506 9 990
13 61461 3 996
587 65665 1 996
114 9502 7 996
41 35429 3 990
436 50894 1 990
716 47680 9 999
961 64014 6 998
555 91761 5 998
633 20572 9 996
257 92921 7 991
141 95201 9 990
763 5833 6 999
44 80459 1 990
504 74944 6 994
192 48717 6 995
132 54359 2 992
71 15469 10 990
501 49244 6 994
625 8865 4 990
619 90113 8 990
961 80404 1 995
469 36737 5 994
241 39627 9 994
258 88261 1 990
527 17305 5 996
561 74082 3 990
51 37759 9 996
542 97940 7 996
901 25681 1 992
929 75028 1 998
602 91369 5 993
439 97767 5 990
803 20631 3 992
161 90625 5 996
361 11961 7 990
370 47545 6 994
779 56376 9 996
469 62269 1 996
399 26465 7 994
389 42426 1 995
485 68956 3 992
45 39928 1 995
181 1393 8 998
726 1921 3 990
175 55089 1 997
381 29495 1 994
727 47449 1 999
503 80001 9 994
537 75455 9 996
881 26624 3 992
256 95877 5 990
889 17639 7 990
805 27847 9 996
687 6361 1 995
945 34025 1 998
453 72124 3 992
886 77689 1 990
665 37301 2 992
781 8689 2 997
434 26651 7 990
594 75205 1 995
670 3265 1 994
361 19863 7 992
121 55523 3 998
831 74207 1 994
117 61617 6 998
946 98401 4 994
893 92426 1 999
635 82033 5 998
418 14971 5 992
156 85025 9 999
408 84291 1 998
497 94244 1 990
677 83009 1 994
397 44297 6 990
730 36061 7 990
226 62145 1 990
721 71517 5 992
282 93481 3 990
582 17649 1 990
815 52895 3 990
100 59156 3 992
105 17394 1 990
232 40161 1 990
73 89817 1 990
702 75770 6 991
637 74094 3 994
452 31029 9 990
631 90177 9 990
91 43762 6 999
443 43273 1 990
629 5695 4 992
671 71695 1 994
177 10377 3 995
949 96517 3 996
79 51901 2 994
441 88181 3 994
190 33113 1 996
629 21896 4 994
778 70501 1 994
497 10165 2 999
356 82985 10 990
221 91393 7 990
417 14621 1 996
857 36627 5 996
33 69932 9 991
517 12549 1 992
33 91941 7 990
983 46337 8 990
991 41351 1 990
91 7457 9 997
308 44377 6 991
170 91845 7 990
201 66376 6 990
916 42097 1 996
851 13012 1 995
505 41797 1 990
595 23003 1 994
11 9893 7 995
517 11166 10 994
308 58145 1 990
777 33441 3 992
197 74279 1 995
663 1620 7 994
261 51977 9 994
645 8306 7 992
24 84857 1 996
495 75489 1 992
168 61057 1 994
45 42307 3 996
650 22007 3 997
533 88656 10 999
497 77421 5 990
131 13221 1 994
1 75416 9 996
394 83209 4 990
676 62793 1 996
433 91441 1 990
301 63801 1 995
449 68801 6 994
537 85760 1 996
903 94901 1 997
257 38659 9 990
481 36315 1 999
893 73569 9 995
584 46103 1 990
209 57709 1 991
561 89451 5 996
370 50072 10 999
384 56685 2 992
739 72480 1 992
757 17501 1 990
636 87611 3 998
15 42833 3 990
483 23425 1 997
708 26513 6 998
377 88507 5 990
521 52631 1 994
322 99447 1 990
625 95713 3 996
691 94292 8 999
438 39025 1 998
217 90363 3 994
327 18981 9 994
181 80513 7 990
41 20025 8 992
833 35771 6 992
777 35549 9 998
603 47243 1 996
801 7925 1 990
733 81561 7 996
527 33801 5 990
527 8831 1 995
136 58689 9 992
273 2001 1 994
347 54301 1 995
371 11926 3 990
811 86759 3 994
936 89641 3 998
206 32486 9 999
831 47501 7 999
898 3321 1 992
391 63787 2 990
497 43971 7 996
973 26770 9 996
833 42351 9 994
973 61021 5 992
396 82477 7 992
781 78333 10 990
501 67469 5 990
681 68781 9 998
391 86913 2 990
766 71601 3 990
564 12515 10 998
338 79793 3 990
61 19091 3 994
285 74625 8 996
715 76457 7 994
672 27902 7 990
757 52406 1 994
226 44761 9 990
821 48375 6 996
493 39849 9 997
571 83949 4 990
571 63741 4 994
17 42174 1 990
626 48861 7 998
969 5348 9 990
53 84733 6 991
873 68835 1 996
89 32309 8 990
955 94993 3 998
676 9241 7 990
571 14851 6 998
371 5589 1 992
322 51036 7 999
501 9062 3 990
471 91475 1 995
803 21081 2 998
309 24495 1 995
465 21505 1 992
226 81161 1 999
473 8369 9 994
147 13405 1 993
625 79936 5 995
305 43590 5 994
309 22341 7 990
483 19313 9 990
386 89674 5 993
881 39824 6 990
615 65661 6 998
477 77707 1 990
613 88066 9 998
361 90583 6 995
173 93248 1 990
131 40385 10 994
588 8447 2 992
141 34281 3 994
665 85201 1 992
301 61252 5 994
229 82446 1 990
878 61691 1 992
284 99782 6 990
891 66021 3 992
22 20136 1 998
913 12449 1 994
289 60385 4 994
795 40591 1 990
95 3874 1 990
416 80773 7 990
493 89056 1 990
721 98489 9 994
537 72866 5 992
329 78939 7 999
821 2539 1 999
937 17559 3 991
145 34345 7 990
936 16434 3 994
218 42532 3 996
646 1201 1 993
976 53776 9 994
681 74531 7 994
913 14547 3 998
844 4693 3 999
969 31734 3 997
849 63853 7 990
763 96340 1 996
501 16361 9 990
521 43201 1 996
501 1601 3 992
301 50489 1 998
321 35445 3 991
789 63997 5 993
621 42431 7 990
401 54685 9 998
553 47631 3 994
951 25263 2 993
933 80085 1 992
525 19629 5 990
459 93258 4 993
1 76630 1 996
264 89677 7 999
931 69247 1 992
491 96187 7 990
903 69479 6 996
557 13685 7 998
826 42293 6 993
949 48214 1 999
469 30057 9 999
885 62558 6 992
505 82947 8 999
857 76166 1 998
601 18255 1 994
213 5649 9 999
79 86525 1 997
631 59721 2 992
219 27962 1 995
591 36401 5 995
427 82271 1 998
813 59393 9 998
793 22060 5 997
373 73164 6 995
283 47201 3 990
767 78315 8 991
21 43733 1 990
149 49887 2 995
56 77811 10 996
396 57425 7 995
251 55761 5 997
233 98131 1 990
266 10211 1 994
653 43137 7 990
723 89039 1 998
72 23059 2 999
757 42434 1 995
813 42645 4 997
586 25905 2 998
649 33580 1 998
521 87041 6 998
75 20882 9 990
73 84987 3 996
511 84042 1 990
362 55863 10 990
846 87767 1 995
566 75955 7 996
96 13599 9 999
452 19875 1 993
241 31576 3 992
597 67150 7 999
27 57051 3 997
431 84853 8 996
160 99269 3 994
829 86490 5 995
448 62491 6 990
426 65443 1 996
337 12921 2 990
621 31395 1 993
657 42690 5 997
23 18801 1 990
51 25976 7 994
41 55789 1 998
481 18513 5 992
465 5556 3 996
273 16021 5 996
938 23371 3 996
936 43071 7 994
651 230 5 990
891 86289 7 992
717 26109 1 990
197 1531 3 996
749 70051 2 991
17 81017 7 992
835 96483 10 997
447 5782 1 998
71 57569 7 993
907 42080 1 994
187 18851 6 994
151 81756 3 990
393 3521 3 996
731 92506 1 993
541 57650 1 995
299 44186 4 994
271 53767 5 990
132 85026 2 992
689 20073 1 992
349 55401 3 992
24 89121 9 997
283 78353 5 992
898 19231 3 994
315 29630 1 995
929 1164 9 990
57 92179 6 998
917 53876 6 998
773 31525 5 993
813 43957 1 995
678 66564 5 998
911 50419 5 998
55 27953 3 993
381 5343 6 994
361 61181 10 994
649 64663 1 994
814 46577 1 999
343 98861 5 998
607 20821 6 991
884 13769 7 998
370 87106 1 998
337 88686 5 998
601 33441 1 990
225 70933 5 990
130 38165 1 994
941 26198 5 998
341 60567 7 992
840 88985 1 993
719 13761 7 995
51 51355 9 999
445 13979 5 991
849 47699 3 998
399 66863 5 996
209 7959 7 991
673 21489 1 992
757 14209 8 999
185 47823 2 998
801 92337 1 995
133 61930 5 994
311 49569 9 995
574 28816 9 995
271 47799 1 994
907 14109 9 990
512 39831 5 996
321 48984 10 998
43 87661 5 995
361 9575 7 993
453 24550 7 992
785 83406 5 994
666 81817 5 990
256 92639 6 995
537 14326 7 999
929 41518 5 994
649 47552 7 994
551 80745 7 991
279 62561 5 993
216 727 5 995
429 13159 1 998
556 89481 3 996
741 94961 5 995
266 81426 5 996
83 80841 3 990
665 89509 10 990
825 92037 5 995
175 77485 1 992
913 20382 9 998
637 77151 1 998
577 86459 9 990
380 71907 2 998
295 45889 7 996
407 42881 3 990
937 69865 1 991
221 6542 1 998
506 99489 3 990
404 9430 2 994
473 11676 1 998
917 34073 10 996
165 62829 9 996
962 49049 9 992
249 92008 9 992
693 15328 9 990
959 57711 1 994
125 43549 1 994
151 36507 3 990
274 12081 9 995
207 5969 7 996
641 4233 1 990
113 68822 9 998
205 31621 9 998
369 7741 1 990
313 35617 2 990
161 73865 1 993
606 24741 5 998
495 45081 5 995
137 90806 5 998
689 39841 7 990
831 42381 9 991
610 57893 2 996
97 63481 7 992
961 7161 1 995
17 50963 9 992
995 80962 1 994
311 11181 2 993
144 73612 5 998
180 55757 3 990
716 75851 7 994
1 89773 5 996
373 416 3 992
641 28476 1 992
547 48591 1 994
838 39696 9 990
251 68789 5 992
957 94577 3 992
957 20581 5 992
783 77461 9 996
903 46779 1 991
611 39635 4 995
947 80831 3 990
226 84486 6 995
465 25632 8 994
369 13901 1 990
651 42785 1 990
78 28460 1 997
182 1 1 995
266 80082 9 996
551 55331 2 991
622 85291 9 995
992 64767 1 990
40 92826 7 996
508 38481 10 998
703 46451 7 992
981 94293 9 990
97 57839 9 996
861 67807 9 990
561 27973 1 994
606 11611 7 990
666 25425 7 991
953 5881 3 990
335 32635 3 995
817 49396 5 994
451 51145 9 995
261 97697 1 992
973 36033 9 995
251 42087 9 990
33 50579 1 992
241 31497 6 990
388 99847 9 996
1 51881 5 998
361 13169 3 995
741 48881 4 994
525 76801 7 994
253 21721 10 994
161 31121 1 996
775 18081 10 998
969 48278 5 992
151 27541 5 995
925 45937 3 999
236 75118 9 990
746 3033 7 996
771 64017 1 992
741 50265 9 996
461 4306 8 998
937 62384 9 990
678 89031 7 996
946 73511 6 990
805 64703 6 990
376 97260 7 995
625 41329 10 995
477 16795 4 992
1 8 997
1 1 996
1 1 992
1 3 998
1 8 999
1 7 994
1 7 992
1 10 997
1 6 990
1 10 990
1 6 990
1 5 997
1 5 992
1 6 990
1 9 995
2 1 994 88
1 10 996
1 4 999
1 9 990
1 7 996
1 9 995
1 9 995
1 3 994
1 6 992
1 1 990
1 10 990
1 1 996
1 3 998
1 9 990
1 1 990
1 4 990
1 5 998
1 1 995
1 1 992
1 3 990
1 3 996
1 5 992
1 2 990
1 10 990
1 1 990
2 1 990 94
1 3 999
1 1 990
1 1 996
2 7 990 58
1 5 990
1 5 994
1 4 990
1 1 999
1 6 990
2 1 996 88
2 9 997 24
1 9 998
1 5 990
2 1 998 15
1 5 996
1 6 995
1 3 990
1 6 990
1 9 990
1 6 996
1 9 995
1 1 998
1 1 994
2 9 995 67
1 3 990
1 1 996
1 6 990
1 3 995
1 10 995
1 1 998
1 8 995
1 1 997
1 1 994
1 9 995
1 6 990
1 1 992
1 2 994
1 1 995
1 7 990
1 9 990
1 2 990
1 7 998
1 1 998
1 1 991
2 9 998 69
1 2 993
1 8 991
1 9 998
1 3 996
1 6 996
1 9 990
1 3 997
2 1 993 53
1 7 990
1 5 995
1 3 990
2 10 995 81
1 1 995
1 1 994
1 5 990
1 5 996
1 6 990
1 3 993
1 7 990
1 3 990
1 10 998
1 9 994
1 1 996
1 5 992
1 3 994
1 1 990
2 10 993 14
1 1 995
1 5 998
1 1 998
1 1 990
2 5 997 51
1 1 990
2 7 995 23
1 1 990
1 3 998
1 7 990
1 1 990
1 1 999
1 5 996
1 9 992
1 9 992
1 1 994
1 3 990
1 3 997
1 1 994
1 1 996
1 1 994
1 6 990
1 5 990
1 7 990
1 5 998
1 9 999
2 5 992 21
1 6 998
1 7 990
1 6 994
1 1 996
1 5 999
1 9 990
1 2 994
1 7 994
2 1 990 50
1 1 990
1 5 991
2 4 991 24
1 1 990
1 1 993
1 1 998
1 3 991
1 4 992
1 9 996
1 7 997
1 3 992
1 9 995
1 1 992
2 4 990 56
2 1 998 27
1 5 994
1 5 998
1 1 990
1 3 990
1 1 995
1 1 998
1 9 998
1 10 990
1 1 990
1 3 990
1 1 990
1 1 990
1 9 990
1 7 992
1 9 990
1 8 990
2 7 998 78
1 3 994
1 1 990
1 1 996
1 1 998
1 10 994
1 3 990
1 1 992
1 5 998
1 2 993
1 1 994
1 1 990
1 1 996
1 3 995
1 5 990
1 7 990
1 5 996
1 10 991
1 5 994
1 3 996
1 9 990
2 10 994 13
1 7 994
1 2 998
1 9 998
1 3 996
1 6 994
1 7 990
1 7 996
1 3 998
1 9 990
1 10 996
1 3 990
1 9 999
1 1 996
1 6 992
1 3 994
1 9 997
1 1 990
2 6 990 15
1 1 990
1 9 995
1 10 990
1 1 994
1 7 992
1 1 991
1 4 995
1 7 997
1 1 999
1 10 996
1 1 992
1 1 990
1 8 990
1 1 991
1 9 999
1 10 996
1 9 999
1 6 994
1 7 998
1 6 996
2 3 998 60
2 1 996 2
1 6 999
1 5 995
1 1 990
1 1 994
1 2 990
1 1 993
1 4 990
1 10 990
1 5 990
1 5 997
1 1 998
1 1 994
1 9 999
1 5 995
2 7 999 60
1 3 992
1 1 997
1 1 992
1 1 996
2 5 992 3
1 5 990
1 10 999
2 3 994 92
1 3 998
2 3 998 99
1 9 996
1 9 995
1 1 990
1 7 995
1 6 998
1 9 998
1 9 990
1 9 996
1 4 996
1 7 997
2 10 991 68
1 10 992
1 1 998
1 7 994
1 5 990
1 2 996
1 1 997
1 7 996
1 3 994
1 1 990
1 1 992
1 1 991
1 5 998
1 4 994
1 4 995
1 5 990
1 6 998
1 1 994
2 10 996 86
1 1 996
1 7 995
1 9 992
1 7 990
2 6 995 1
1 1 996
1 9 991
1 6 990
1 5 994
1 7 999
1 9 994
1 9 992
1 3 994
1 10 996
1 9 990
1 5 996
1 6 990
1 3 996
1 7 998
1 3 996
1 7 995
2 1 996 31
1 1 992
1 1 992
1 10 997
1 3 990
1 1 990
1 1 996
1 1 996
1 2 990
1 1 994
1 1 992
2 5 992 4
1 2 998
1 6 994
1 10 998
1 1 990
2 6 993 64
1 9 990
1 1 990
1 10 995
1 1 993
1 7 994
1 5 993
1 2 997
2 7 990 19
1 1 997
1 3 997
1 3 997
1 2 994
1 6 990
1 3 996
1 5 992
1 7 998
1 5 990
1 6 998
1 1 990
1 1 996
1 6 990
1 3 994
1 1 992
1 5 991
1 8 992
1 1 990
1 1 994
1 1 991
1 9 994
1 9 996
1 1 995
1 1 996
1 5 990
1 6 996
1 3 996
1 7 993
1 8 998
1 5 995
1 9 990
1 5 996
1 6 994
1 7 998
1 1 995
2 7 990 39
1 6 994
1 1 997
1 3 997
2 2 995 68
2 1 997 37
1 8 997
1 9 996
1 7 990
1 8 990
1 5 994
1 1 990
1 9 996
1 1 996
1 1 995
2 9 990 69
1 1 996
2 7 994 64
1 1 990
1 5 998
1 7 995
1 6 990
1 5 998
1 9 990
1 5 990
1 5 990
1 9 996
2 10 992 41
2 6 990 51
1 10 998
1 7 994
1 4 992
1 1 999
1 1 996
1 6 990
2 1 990 46
1 3 996
1 6 996
1 1 998
1 7 996
1 9 999
1 3 994
1 9 994
1 9 999
1 1 999
1 5 993
1 9 997
1 7 996
1 5 992
1 3 991
1 5 997
1 2 995
1 1 994
1 5 993
1 1 992
1 5 992
2 7 994 36
1 3 998
1 9 990
1 2 990
1 10 994
1 8 994
1 9 998
1 9 990
1 1 996
1 9 992
1 1 997
1 3 998
1 3 990
1 7 990
1 5 990
2 1 992 6
1 7 996
1 5 990
1 6 994
1 1 998
1 10 994
1 1 990
1 5 997
1 6 998
1 1 991
1 9 990
1 1 992
1 6 994
1 9 996
1 8 998
1 1 994
1 9 991
1 9 998
1 2 990
1 9 990
1 4 990
1 1 999
2 5 992 88
1 3 990
1 5 992
1 2 991
1 9 992
1 1 995
1 7 990
1 9 990
1 1 998
2 4 996 40
1 1 990
1 8 990
1 4 995
1 10 991
1 5 998
1 6 990
1 1 990
1 5 992
1 4 991
1 5 990
2 9 998 40
1 7 996
1 6 996
1 3 990
1 1 995
1 9 995
2 9 996 67
1 6 990
1 1 992
1 1 994
1 1 990
1 1 997
1 1 992
1 7 994
1 9 990
1 1 998
1 2 996
1 7 992
1 9 995
1 3 999
1 4 990
1 1 998
1 10 990
1 10 999
1 3 996
1 1 992
2 1 997 35
1 7 998
1 7 994
2 5 992 57
1 7 990
1 5 998
1 10 996
1 9 996
1 3 994
1 9 994
1 9 994
1 7 992
1 1 995
1 7 999
1 1 992
1 5 994
1 1 998
1 7 998
1 5 994
1 9 990
1 6 990
1 6 990
1 1 996
1 3 999
1 3 998
1 1 993
1 6 990
1 3 995
2 5 990 42
1 3 991
1 5 997
2 5 997 36
1 9 994
1 6 995
1 9 998
1 3 998
1 10 994
1 7 996
1 1 995
1 9 996
2 5 996 35
1 6 996
1 1 991
1 1 999
1 5 996
2 4 990 78
1 5 998
1 6 990
1 9 996
1 3 996
1 5 990
2 9 992 24
2 7 995 33
1 9 990
1 5 990
2 6 996 95
1 1 990
1 10 994
1 1 999
1 10 997
1 8 990
1 6 991
1 1 990
2 1 990 13
1 1 992
2 9 990 19
1 5 992
1 7 998
1 9 990
1 1 992
1 10 991
1 3 997
2 7 995 8
1 5 996
1 3 990
1 5 996
1 1 996
1 1 991
1 3 990
1 1 990
1 1 990
1 1 996
1 3 996
1 1 992
1 3 992
1 4 990
1 5 990
2 7 992 92
2 7 998 4
1 2 990
1 1 991
1 3 992
1 5 990
1 9 990
1 1 990
1 7 992
1 1 990
1 7 998
1 9 995
1 3 995
1 8 998
1 9 990
1 7 990
1 1 995
1 1 990
1 5 994
1 7 997
1 1 994
1 1 990
1 1 998
1 1 990
1 10 992
2 1 994 73
1 5 994
1 10 995
1 5 994
1 7 991
2 3 992 66
1 8 990
1 6 990
1 2 990
1 2 990
1 2 990
1 6 996
1 7 996
1 9 998
1 3 990
1 5 990
1 3 991
1 1 992
1 1 995
1 3 990
1 4 998
2 3 995 93
1 7 994
1 9 992
1 9 998
1 10 990
1 2 992
1 3 995
1 10 990
1 5 998
1 10 995
1 5 992
1 6 992
1 9 996
1 9 995
1 2 990
1 4 996
1 6 991
1 9 990
1 5 992
1 7 997
1 5 999
1 7 998
1 1 996
1 3 990
1 3 992
1 2 997
1 1 994
1 5 990
1 5 998
1 7 997
1 5 991
1 1 998
1 1 990
1 3 992
1 5 991
1 9 990
1 5 995
1 1 996
1 3 996
1 1 996
1 6 999
1 9 999
1 6 992
1 7 994
2 7 992 53
1 8 996
1 6 990
1 3 990
1 9 998
1 3 996
1 6 991
1 9 998
1 1 990
1 7 999
1 9 995
1 9 994
2 7 996 20
1 7 992
2 1 992 17
1 5 992
1 1 990
1 5 998
1 10 992
1 7 990
1 1 990
1 7 995
2 5 999 24
2 9 990 71
1 3 990
1 6 995
1 7 998
1 10 996
1 6 996
1 1 992
1 6 998
1 7 994
1 1 996
1 7 990
2 2 996 9
1 6 999
1 5 991
1 5 992
1 9 990
1 7 990
1 2 990
1 7 992
1 7 999
1 1 995
1 1 990
2 3 996 64
1 1 995
1 7 990
2 8 999 61
1 5 998
1 7 996
1 1 994
1 1 990
2 7 994 25
1 5 993
1 5 992
1 3 990
1 1 995
1 9 991
1 9 991
1 7 995
1 6 996
1 1 997
1 7 995
1 7 998
1 3 992
1 5 990
1 1 996
1 5 993
1 1 994
1 7 996
1 9 991
1 5 996
1 7 995
1 3 995
1 6 992
1 6 992
1 10 994
2 1 990 83
1 1 990
1 3 995
1 1 990
1 9 999
1 3 995
1 7 990
2 10 994 8
1 2 991
1 3 990
1 1 994
1 9 996
1 9 995
1 9 994
1 9 995
2 6 990 30
1 6 990
1 1 990
2 6 999 55
1 7 993
1 8 994
1 8 998
1 2 996
1 1 994
1 6 990
1 7 994
1 7 994
1 7 995
1 1 990
1 5 990
1 3 998
1 2 990
1 7 999
1 9 996
1 7 990
1 5 990
1 3 990
1 6 993
2 4 999 47
1 1 990
2 4 996 82
1 1 996
1 5 993
1 1 996
1 2 999
1 9 994
1 1 996
1 1 990
2 1 990 62
1 9 990
1 6 996
1 3 990
1 5 994
1 9 997
1 7 992
1 7 996
1 3 990
1 2 990
2 1 998 87
1 3 994
1 6 996
1 3 990
1 7 993
1 2 990
1 2 990
1 1 997
1 3 990
1 3 992
1 3 992
2 1 998 90
1 8 996
1 1 994
2 9 990 4
2 9 990 81
1 3 990
1 7 998
2 1 990 54
1 3 990
1 1 992
1 7 993
1 3 995
1 1 990
1 7 992
1 5 994
1 2 992
2 6 990 56
1 7 990
1 4 990
1 6 992
1 1 997
1 9 997
1 1 992
1 1 990
1 4 993
1 3 996
1 5 996
2 1 996 92
1 9 993
1 1 994
1 3 990
1 1 999
2 7 997 52
1 7 990
1 7 994
2 9 994 77
1 7 997
1 1 996
1 5 996
1 5 996
1 1 990
2 8 990 67
1 9 991
1 5 993
1 6 995
1 6 997
1 9 990
1 3 992
1 4 990
1 5 993
1 1 990
1 10 994
2 4 990 82
1 1 990
2 5 990 11
1 10 992
2 1 994 97
1 1 994
1 1 992
1 1 990
1 1 990
1 1 998
1 5 998
1 6 992
2 9 990 71
1 4 998
2 1 990 30
1 8 994
1 9 990
2 2 990 59
1 4 990
1 3 990
1 1 996
1 6 998
1 5 994
1 3 996
1 5 990
1 1 990
1 7 990
1 1 990
1 6 996
1 1 995
1 3 990
1 9 998
1 1 993
1 10 996
1 8 996
1 3 992
1 7 990
1 9 990
1 4 990
1 7 990
2 9 995 13
1 3 998
1 6 990
1 3 990
1 3 994
1 2 993
1 6 999
1 7 994
1 10 995
1 3 991
1 5 996
1 6 994
1 7 990
1 5 992
1 6 995
1 1 990
1 3 998
1 6 998
1 5 998
1 5 995
1 4 992
1 3 996
1 1 997
1 3 990
1 3 994
1 7 993
1 1 999
1 9 990
1 9 996
1 5 994
1 1 995
1 1 990
1 1 996
1 1 990
1 4 992
1 8 990
2 1 996 38
1 8 990
1 3 996
1 2 999
1 1 994
1 4 994
1 6 990
1 8 994
1 7 990
1 10 990
1 1 990
2 9 993 77
1 10 990
1 1 995
1 5 995
1 1 990
1 10 996
1 1 996
1 9 990
1 1 998
1 1 991
1 7 990
1 9 990
1 5 994
1 6 993
1 7 990
1 7 992
1 1 999
1 1 996
1 5 998
1 6 992
1 6 996
