1000 1000
351 71477 4 994
801 50977 7 994
969 2874 1 994
931 6057 7 990
373 43477 8 996
289 52743 6 990
272 20678 1 991
769 25245 3 992
965 94683 5 996
923 46351 1 990
799 7353 5 998
747 2601 9 994
417 96341 5 990
283 45811 6 998
201 68556 5 999
681 53629 1 990
390 60071 3 995
306 60066 8 996
834 47953 5 995
196 33181 6 992
351 34162 7 996
201 5641 7 996
121 49377 9 992
269 70767 5 992
761 69396 9 996
613 1361 5 990
401 85092 5 997
971 1443 9 994
765 7188 9 998
545 9101 5 990
809 80539 1 990
325 87501 6 995
173 10576 6 990
601 47673 3 990
440 2993 7 990
657 70499 10 998
935 39261 9 992
551 68692 9 990
806 93087 9 996
791 42881 5 990
53 24330 10 990
977 93903 7 993
615 98289 1 992
562 92171 1 996
385 2065 5 995
611 96626 7 994
81 93151 1 995
521 75411 5 994
709 64973 7 998
376 40401 7 990
441 22480 9 990
794 33403 1 990
608 97398 4 998
289 32897 3 990
29 23776 8 997
73 65333 6 990
877 81511 10 999
753 24639 7 990
531 69188 10 991
991 38905 9 991
681 47801 8 992
921 74535 7 994
697 49347 1 995
885 77167 5 995
156 84104 10 998
33 45513 6 997
185 39042 1 990
777 324 5 997
201 46357 1 992
639 25121 7 995
921 82741 6 998
393 65921 6 992
575 94352 5 995
175 65291 5 990
147 53085 1 993
364 80227 9 997
125 72721 5 995
481 90774 1 994
409 16313 3 990
729 95024 4 996
976 49777 3 990
101 85859 1 992
498 22553 5 998
141 56661 2 992
413 75617 10 995
371 71302 3 995
384 98626 1 990
311 13809 8 990
199 69633 1 998
388 37404 9 990
785 62060 9 992
325 8749 3 990
625 41041 3 994
281 24781 1 992
1 51381 7 990
987 6270 9 997
613 16613 5 997
772 43961 1 998
268 93861 5 998
45 51325 6 994
202 17265 5 995
475 32901 1 992
421 92261 6 994
155 83861 1 994
161 3241 6 996
79 277 9 990
171 80941 1 990
769 10921 5 992
489 46113 7 997
894 19346 7 995
431 47037 8 999
804 14641 1 992
51 79498 7 997
246 18360 7 996
77 3732 2 994
976 88062 1 997
906 19035 7 990
966 87751 4 992
551 18561 5 990
227 18267 1 998
897 26931 2 995
11 71029 9 998
915 71909 1 990
249 95333 1 996
342 30487 3 994
672 8590 5 997
680 7847 1 996
65 97345 9 990
425 91591 9 990
514 61096 7 995
729 65426 1 996
628 54763 9 996
481 87961 1 990
461 47101 5 995
684 87145 3 995
614 66333 8 996
62 98145 9 990
810 67707 3 998
839 14417 6 998
39 68691 1 996
451 13537 3 998
53 54550 7 990
491 60688 9 991
928 36911 3 992
641 87511 5 998
80 52401 7 999
98 55945 3 994
406 82235 7 998
433 13185 5 993
122 61105 8 994
905 44733 6 992
969 63489 9 990
604 1587 9 994
751 14593 7 996
81 92997 1 990
321 29737 5 992
123 55665 1 990
421 97738 6 990
571 69689 2 995
361 61097 1 998
282 13997 3 992
581 40085 7 990
120 28961 1 994
387 75265 7 997
891 76873 5 993
557 30283 1 992
134 9989 5 996
905 94273 3 996
739 11233 7 998
669 48222 5 998
255 51769 3 996
911 39535 5 990
701 16141 1 998
581 92501 6 995
575 82362 5 998
183 3410 9 994
527 55647 8 990
445 40366 3 997
33 18624 6 992
333 87557 6 990
913 88343 7 992
413 34001 3 992
651 61500 10 991
972 19821 3 992
431 48432 1 994
137 5636 9 990
251 30849 10 995
701 79121 7 990
456 50891 1 995
859 89899 1 996
417 64597 3 998
929 4816 8 990
361 24001 1 997
480 44071 3 994
457 58187 9 999
934 43775 6 993
796 98768 6 998
485 27335 9 990
473 79501 5 991
742 86797 7 994
835 87038 6 990
737 12287 3 992
667 95509 6 997
54 81537 9 995
766 20071 3 992
877 59893 1 997
87 49393 7 990
431 99621 3 998
201 94669 6 996
945 25073 2 990
2 54383 2 998
404 41601 5 998
769 72723 8 990
443 98176 3 992
524 63041 1 990
207 14145 4 990
797 36118 6 995
613 91039 9 998
761 11573 1 990
25 31963 5 992
801 25633 5 991
895 64441 5 999
751 76626 6 998
927 6779 1 990
361 68357 3 996
230 73801 7 994
996 56251 1 997
956 67201 7 990
473 82851 6 990
207 4418 4 990
937 62335 7 992
491 51592 3 998
175 41792 3 997
211 67965 9 998
371 38261 9 994
781 98895 1 993
919 5081 8 993
643 62433 9 990
1 22517 1 999
411 11301 1 994
721 18945 2 994
471 43333 9 996
341 14221 1 994
879 91744 10 998
697 64646 3 996
101 56985 6 995
329 91025 1 995
777 55551 1 992
784 84001 1 994
596 50601 7 991
955 59393 6 990
496 11481 3 998
749 11873 7 997
90 43513 5 990
996 19885 9 993
646 90251 1 990
413 47931 1 996
813 14111 8 990
161 48545 3 998
193 78800 10 990
807 21003 1 991
208 85281 5 998
384 11993 1 996
269 90396 4 995
321 93937 6 996
691 70826 6 990
879 93801 7 992
849 82023 3 990
831 72042 1 999
561 9801 5 992
629 54061 1 998
710 55617 5 990
614 56577 2 992
545 25484 6 990
626 35761 2 992
441 48795 7 998
144 88842 4 992
460 93844 7 990
273 35629 1 990
497 53071 10 991
601 60271 2 995
225 37759 3 996
577 42981 5 995
275 35805 7 995
843 22409 1 995
841 84681 1 995
901 10685 1 990
63 42913 3 996
801 87473 9 990
459 62720 1 999
808 68661 9 992
394 98925 7 991
833 80687 9 992
601 57226 5 995
374 55226 4 990
601 60559 4 990
723 93851 1 990
374 56081 1 996
295 44929 5 993
917 26337 1 996
995 26511 9 994
387 91816 1 992
581 10219 7 994
866 47076 3 998
491 8061 6 992
185 34769 1 993
281 21571 8 991
421 25182 4 993
276 88641 4 990
396 70905 9 997
193 76672 1 994
442 8641 1 996
629 54785 5 998
461 75229 7 996
611 66241 1 996
511 18949 4 990
289 33255 1 996
247 53801 4 992
177 73401 10 998
1 92074 6 990
944 75476 7 990
79 81121 9 995
113 11279 1 990
932 9709 8 990
913 86321 5 996
13 17127 6 998
969 44572 6 997
341 76291 7 997
772 58037 4 992
753 84321 10 999
651 2625 5 998
601 12239 7 995
361 18708 1 990
106 87492 4 992
901 93721 6 993
965 22089 1 996
60 41560 5 999
25 27458 9 991
866 2731 3 997
359 87865 1 992
47 50751 3 990
101 4013 9 994
952 18499 9 994
211 55686 7 990
237 1084 6 992
529 35633 3 994
89 18645 1 994
985 20489 6 998
835 92811 2 990
932 7805 7 992
813 46146 9 990
935 14764 5 990
772 19508 1 998
665 15817 1 994
588 32935 1 990
691 15673 1 996
666 31655 1 998
349 42791 6 995
645 8065 7 992
817 47534 1 998
183 49697 1 994
485 70597 6 994
251 83601 10 998
218 19643 1 990
631 10838 1 998
665 29671 1 990
451 93467 9 998
881 28541 2 996
673 29347 7 990
565 68009 9 990
21 75761 6 990
961 82447 9 996
674 66529 9 990
901 60931 1 992
531 44651 7 995
173 91314 1 990
665 47434 1 995
217 49489 1 990
339 82337 3 990
47 57169 9 998
206 10896 9 992
321 70919 1 996
240 13920 5 990
452 78217 7 998
91 19861 1 992
965 75186 1 996
425 49301 1 990
313 40262 7 990
159 43983 1 998
362 56376 1 992
876 2567 5 994
325 35463 5 992
126 72520 1 995
397 67933 7 998
591 37281 5 990
381 26681 1 992
709 82419 10 998
226 59979 3 994
119 91327 1 998
705 65894 1 990
653 92222 1 990
233 89229 1 996
930 1181 4 990
781 78381 1 993
1 90091 9 994
897 20837 7 994
737 88803 10 991
936 60653 6 998
296 90933 1 996
213 30696 9 994
841 58117 10 993
720 29891 1 999
61 43317 1 999
344 54645 1 990
247 9601 7 996
236 899 1 994
554 36015 7 995
335 6081 3 990
864 62417 2 990
155 46327 1 997
73 18896 6 998
406 31521 3 990
974 83026 10 990
106 3331 9 994
301 24099 7 990
293 6849 2 990
551 3521 1 995
169 31203 5 990
741 23355 3 992
939 85341 1 994
731 52281 3 995
51 76001 3 994
17 39650 7 995
710 93312 10 990
769 12887 5 995
571 23956 1 995
289 44479 8 997
835 66674 1 998
335 29141 9 996
713 10339 2 994
805 14151 1 995
475 22207 5 990
963 92289 1 994
301 59501 5 990
228 52854 3 995
471 9223 3 990
697 9527 9 992
556 70593 1 990
657 27473 3 992
801 64304 3 998
369 62099 5 998
57 21892 7 990
656 18181 6 993
682 24401 1 990
361 8863 6 990
801 75921 1 998
561 6998 1 998
906 64551 6 990
779 18561 9 992
989 31899 3 992
30 62299 9 996
357 97957 1 993
851 26111 3 990
607 43921 7 992
761 76705 1 990
524 51837 1 990
946 21518 8 992
569 63193 5 996
471 50354 5 990
281 63881 4 995
668 19664 7 990
601 55380 1 994
431 62793 5 990
527 10775 1 990
17 57883 5 990
601 77613 7 994
239 51200 1 994
561 82817 9 992
3 84145 10 990
41 60622 6 990
281 16217 3 992
845 12197 4 993
484 20980 6 992
193 45441 9 994
821 25261 7 994
47 2721 1 994
97 63149 3 990
871 55617 6 992
297 39809 7 990
281 13406 9 998
331 65137 1 990
889 69113 3 996
377 26261 8 996
797 98077 10 990
797 92780 2 990
237 80273 7 998
59 97751 1 990
525 49198 1 991
373 93217 1 990
749 62278 3 996
893 81462 10 995
651 53751 1 990
709 82126 6 996
561 81217 1 994
412 57419 1 990
225 99915 3 994
321 19501 5 999
281 43349 9 992
113 66287 8 998
961 57045 1 994
124 24331 3 996
21 41693 5 990
531 59881 9 997
291 53631 5 994
721 55071 6 994
617 61479 5 990
473 75853 1 993
817 53031 7 990
696 49361 9 994
835 97267 2 992
405 72217 8 998
613 78201 8 994
871 25345 5 993
801 28859 1 990
701 66963 4 994
836 13623 9 995
185 40601 9 995
645 89752 9 990
438 37831 9 994
386 18197 3 992
834 44469 9 998
784 34761 3 999
212 49929 7 996
1 20651 5 995
89 82945 6 990
951 23445 9 994
785 58726 6 995
71 92101 6 995
841 28387 9 998
317 18039 9 991
841 33131 5 996
291 81601 1 996
321 39959 7 990
869 46301 1 990
261 70995 5 990
221 67390 3 996
976 90651 7 994
813 12025 1 990
9 90961 7 996
89 73051 2 992
102 55421 1 993
776 38791 1 990
697 48232 1 995
989 34627 1 994
647 449 10 996
426 75831 1 990
146 30401 9 998
853 30135 1 991
857 63113 9 990
301 44674 7 998
489 50909 1 992
52 16501 9 995
329 2631 10 992
714 2129 2 993
496 10583 5 992
937 64176 6 994
301 5761 5 998
373 34529 1 990
455 65761 7 992
195 98465 8 990
905 69757 3 990
417 44145 6 997
73 26517 9 996
223 40551 5 993
89 2377 5 990
423 23372 5 994
196 23001 1 992
967 53951 1 990
361 1069 4 992
889 4326 2 990
513 49841 5 998
701 41966 6 997
369 50909 1 990
435 7147 3 996
616 96201 8 990
221 95531 3 996
51 87849 1 994
595 43505 10 992
381 88509 1 990
671 50347 9 994
73 10801 5 994
675 83061 7 990
887 16351 3 994
175 42436 1 990
730 42143 5 996
819 39553 1 998
289 24673 1 993
121 44409 4 996
928 57548 7 999
113 67699 9 990
371 51947 2 995
792 13533 1 998
689 18811 6 994
252 64347 6 990
773 79433 6 992
497 35396 3 994
161 7975 9 992
941 85733 1 990
352 77583 3 998
176 50232 1 990
748 46829 4 995
683 51205 7 997
482 30705 1 993
777 75617 7 998
443 11877 9 992
785 57579 1 990
733 3930 5 990
29 52315 4 995
267 78848 1 990
119 11527 2 990
45 7007 3 990
454 99971 1 990
807 3440 7 995
696 36039 1 992
912 3771 1 998
222 24773 8 994
261 99109 9 992
196 57264 8 990
42 24107 5 990
623 5396 1 996
727 7779 1 992
660 86561 4 990
369 8201 5 990
521 32343 2 994
745 52445 9 995
70 99901 10 998
110 4445 10 990
524 42396 1 995
408 86241 10 990
825 45585 9 998
341 1280 7 994
330 3297 1 995
977 64243 7 995
625 92256 4 990
261 50216 4 990
577 72478 8 998
140 15683 10 990
550 25824 1 994
318 39659 9 998
746 40845 1 996
503 86372 1 995
101 82143 9 994
943 90173 1 998
241 56873 8 996
690 2214 6 990
693 68729 2 994
841 21297 5 995
631 27625 1 990
354 77761 6 990
870 17711 7 999
1 94791 10 990
82 92201 9 998
881 77873 9 992
977 86097 6 990
724 34469 5 996
405 23683 6 998
1 38851 10 992
737 38941 8 998
711 97421 1 996
561 52476 9 995
651 78241 1 998
929 50661 5 990
90 95641 3 998
579 53841 10 990
8 97463 4 994
381 1597 9 990
228 83451 10 992
601 56477 4 990
141 62025 2 993
85 21932 7 990
871 70337 4 996
664 56531 5 996
511 87048 5 995
37 44913 7 995
129 25603 6 993
811 85345 7 994
145 48769 3 998
161 51096 5 992
515 65170 1 992
953 97025 6 990
457 95579 5 990
211 21046 3 990
537 61766 1 996
571 4671 1 995
491 52671 9 996
296 45691 3 990
411 9594 2 995
337 28151 1 992
409 59405 5 992
279 22069 8 992
784 38473 3 990
181 60705 4 996
121 39486 5 990
587 17786 5 990
553 39533 4 990
716 84458 1 995
505 913 8 990
62 15801 9 993
415 6435 1 998
385 3731 1 998
681 59398 7 992
861 77869 8 994
569 46187 5 995
237 54066 1 994
115 21500 5 996
278 85591 7 994
526 8282 3 999
223 70865 3 996
117 13795 7 994
545 75001 3 990
609 69558 7 990
145 13421 1 991
402 79899 1 993
200 4801 4 996
925 10058 5 998
681 98497 5 992
924 64976 6 995
869 5486 7 999
641 62609 9 998
429 37340 2 990
737 90395 1 991
651 61375 2 990
845 50051 1 994
669 6871 1 990
823 90021 3 990
186 48457 3 996
369 86937 1 995
166 32217 6 990
724 3897 9 998
360 31201 10 995
729 33327 9 991
441 10956 1 990
281 91896 9 991
261 94901 8 992
603 58019 10 990
641 75699 1 990
355 30256 10 990
511 48867 5 990
531 38053 3 999
897 92597 7 990
896 66267 1 998
570 49185 3 990
361 56215 3 990
901 90888 3 993
341 31017 9 991
962 28299 3 998
697 1993 9 990
323 64257 5 991
673 15461 6 994
331 9082 9 994
605 50388 2 995
464 49569 3 990
65 73401 5 996
476 25969 1 998
551 8821 3 998
651 53705 1 990
916 52245 5 990
550 8121 2 996
529 25673 7 996
521 75960 7 998
897 26311 6 990
459 93006 5 990
939 28465 3 992
740 16857 1 990
851 16081 4 990
859 78754 1 995
569 64942 1 990
785 99141 9 996
455 31444 1 990
67 32969 1 998
251 64816 9 998
121 83246 7 990
674 39849 1 992
326 94078 3 991
310 73017 5 996
221 15193 9 998
890 60301 9 998
607 14493 8 998
976 18675 9 991
208 57358 6 990
961 31581 3 999
909 89734 1 993
993 1617 5 990
303 23865 1 998
121 40225 4 990
561 5571 1 998
951 84749 2 998
279 51351 1 996
469 47401 9 998
181 20532 3 992
609 47473 1 990
337 99251 9 992
304 26886 1 998
26 58955 2 990
225 22903 8 999
120 47121 9 997
199 25361 10 990
361 33501 3 990
751 11876 10 998
758 61062 5 990
519 25464 4 995
465 50811 5 991
74 98366 9 998
1 91746 5 999
41 44479 6 990
938 85911 1 997
455 99849 3 998
897 36665 1 994
641 83185 5 990
533 46388 1 994
532 7281 7 990
112 96135 8 990
377 43701 7 996
826 63993 3 990
41 57565 4 998
11 98969 6 993
481 17561 5 992
901 77149 1 996
721 87060 3 998
481 80846 5 990
473 63846 7 994
695 84443 7 996
637 35895 3 998
345 58817 1 990
111 5185 1 990
376 41412 7 997
825 5647 1 998
39 56225 1 999
711 37286 9 990
811 4329 5 999
876 41881 7 990
531 39051 1 994
811 94124 1 990
623 64016 6 995
601 52121 1 998
997 71822 1 990
761 92392 5 990
251 93483 5 995
925 81441 1 994
151 74305 4 996
753 53640 5 995
641 91997 10 992
131 29703 2 990
624 15889 5 990
672 89245 6 996
9 69323 6 995
689 64929 1 997
385 31471 7 994
681 10689 8 995
529 74733 1 990
831 67067 9 995
824 66954 6 994
813 91652 3 992
512 10851 1 990
620 92701 3 992
801 57206 7 995
487 78582 6 996
133 22849 10 990
906 29208 8 992
655 78407 8 998
511 52667 7 999
507 80081 4 990
419 51213 1 993
847 4961 9 996
715 5024 1 995
711 48397 2 996
275 5557 1 990
141 61559 5 995
804 41469 9 996
473 2201 9 997
268 19041 7 992
493 37349 3 990
583 70201 9 990
905 55566 3 990
802 95419 6 990
853 75601 9 990
451 42383 6 990
921 90703 6 990
459 13109 1 994
667 11041 7 994
401 85497 5 997
937 94021 1 991
691 62238 1 995
409 12621 1 994
264 15057 1 990
632 41921 1 998
599 87767 8 994
25 56367 2 991
21 2013 3 994
582 54851 3 990
539 1957 6 996
451 62779 2 990
21 69701 1 996
609 88241 1 999
862 48641 1 996
297 73393 7 995
671 66468 1 995
598 30626 8 994
441 10041 5 997
122 15319 5 997
538 2921 1 996
537 73396 10 993
93 45173 1 992
41 58012 1 991
481 79148 9 994
865 3361 5 992
329 53586 1 992
541 53551 6 990
353 8266 1 991
956 79189 5 991
656 22664 3 995
912 65891 1 996
209 71713 7 990
572 77591 5 990
465 96084 7 995
284 35551 2 997
71 43903 5 996
456 41062 1 996
666 15996 8 996
1 5552 1 990
89 55470 1 990
208 85169 5 998
936 10289 5 992
366 64738 9 990
713 20241 1 991
266 57869 5 990
281 84850 1 994
873 70333 7 990
343 58879 6 990
571 82796 4 999
989 19841 10 993
449 26419 1 992
241 86261 7 994
241 90871 6 991
957 31291 6 996
70 98982 5 998
224 43401 1 990
613 35549 9 990
483 15702 1 991
345 11529 9 998
783 6193 7 992
385 52221 7 998
665 16265 7 996
161 70744 5 998
505 19961 7 998
723 81009 1 990
380 16861 3 994
581 77785 1 990
449 55741 5 994
313 176 1 990
143 16097 2 998
25 34241 3 990
42 94657 4 996
645 93054 1 995
757 56661 1 998
946 90001 9 996
813 88014 1 990
235 27041 3 995
465 9660 7 995
642 12641 1 990
931 87031 6 994
521 53937 10 994
390 98765 10 992
251 62235 1 995
85 89140 5 994
901 83009 1 997
555 42455 5 993
504 57825 1 994
753 96760 1 996
289 11265 9 995
99 92689 9 992
971 27932 1 993
236 88173 9 995
467 54769 5 993
115 53621 5 994
301 99317 9 992
161 92225 5 996
839 54939 1 990
451 59261 1 994
595 55209 1 995
363 75455 5 996
165 57561 1 996
921 47691 8 990
813 94161 5 996
813 2190 9 990
409 40329 1 998
725 71313 3 990
326 99306 10 998
509 5377 6 994
781 42329 1 998
4 425 851
2 6 994 85
4 111 951
2 6 998 13
2 1 994 2
2 1 995 3
4 354 701
4 71 186
1 1 999
2 3 998 9
3 1 5
2 1 998 83
3 1 61
4 929 987
2 5 990 71
4 673 861
2 1 991 97
1 1 992
3 6 90
4 913 601
1 4 990
2 7 995 59
2 6 990 72
2 3 996 38
4 71 596
4 769 549
2 5 993 77
3 4 97
4 181 819
4 15 385
1 9 999
2 9 998 86
3 10 59
2 6 990 10
1 10 994
3 1 10
1 3 992
4 31 651
2 10 997 90
1 4 994
2 1 998 11
1 9 993
3 3 63
4 857 879
1 2 995
4 114 397
4 636 267
2 8 992 46
3 5 61
4 329 845
4 322 9
3 6 67
4 701 305
3 1 21
4 601 777
2 3 994 86
1 6 996
1 1 990
4 749 569
4 215 701
4 499 625
2 8 995 60
2 7 994 72
3 6 85
4 915 913
3 5 33
3 7 30
4 929 496
2 8 993 21
2 9 990 82
3 5 40
2 2 990 76
2 8 996 38
2 1 990 63
4 689 417
2 1 998 67
1 10 990
1 3 990
2 4 993 26
1 10 994
3 9 87
2 5 994 49
4 485 889
1 7 991
3 5 5
2 3 990 49
4 329 882
3 9 72
4 692 290
1 6 994
2 3 990 68
3 5 1
4 257 169
2 5 995 21
4 1 945
1 1 990
4 333 715
3 1 59
2 5 990 39
2 2 990 72
2 7 990 30
2 1 996 34
2 9 994 87
4 331 215
3 3 62
1 9 990
1 8 995
3 9 1
3 1 80
3 1 14
2 5 990 72
1 6 990
4 309 461
2 3 990 24
3 9 53
4 772 846
4 781 889
4 177 441
1 7 998
2 9 991 5
4 1 641
2 7 990 50
4 354 643
2 1 996 41
1 7 997
2 1 990 76
4 606 377
1 4 991
2 3 992 20
4 35 235
3 1 12
2 3 990 67
1 7 992
2 1 996 25
2 7 995 91
2 10 996 48
3 5 20
4 372 515
2 10 998 16
4 601 703
4 930 693
4 809 36
2 6 993 26
2 3 999 14
2 10 992 8
4 321 195
3 1 7
2 2 990 36
3 3 93
2 4 998 26
1 10 992
2 4 990 26
1 5 994
2 1 998 69
4 476 392
2 1 994 76
1 4 998
2 1 993 55
1 3 990
3 8 1
4 531 661
2 1 992 40
3 10 16
3 1 5
2 5 996 40
1 1 998
1 3 996
2 10 996 11
2 1 990 11
4 393 561
2 9 994 12
4 322 609
4 71 151
4 865 827
2 7 990 60
4 645 153
2 4 999 23
2 2 999 33
3 1 73
2 6 991 72
2 5 996 95
1 1 999
2 7 992 74
1 3 990
4 599 165
2 5 990 52
4 185 391
2 3 998 98
4 521 877
1 3 999
3 1 46
4 526 151
3 1 4
4 805 249
4 787 537
4 156 597
4 561 229
4 413 47
3 6 0
4 363 905
3 1 95
4 352 973
2 3 999 62
2 3 991 74
4 86 731
3 9 72
2 1 990 76
1 1 990
4 99 501
2 1 992 61
4 721 801
1 6 990
4 694 547
2 1 997 1
2 6 992 14
4 569 847
3 9 54
4 912 251
2 1 998 55
1 5 998
4 587 2
1 1 990
2 1 996 39
3 8 34
4 140 657
2 1 990 78
2 8 998 8
2 5 990 52
4 231 152
3 1 30
2 1 994 99
3 2 11
2 9 995 41
3 1 80
4 659 601
1 5 992
2 9 990 4
3 9 45
4 725 377
2 1 996 84
4 460 330
2 1 992 81
3 1 10
1 1 992
3 3 10
1 3 997
4 477 987
4 281 473
1 1 990
3 1 10
1 2 996
4 329 697
1 5 994
2 3 992 69
2 3 992 82
4 331 117
4 57 198
2 9 990 22
2 5 998 36
4 252 817
3 6 13
1 7 994
1 7 997
4 864 601
3 6 65
2 1 999 35
4 321 241
2 1 998 3
4 229 521
1 1 996
1 5 998
3 1 24
3 1 98
1 8 999
2 1 990 38
3 1 58
1 9 992
2 5 994 14
2 3 990 69
3 9 93
1 3 999
3 3 5
1 1 998
3 7 50
4 75 151
3 3 33
3 8 33
4 353 16
3 3 85
2 6 999 5
2 7 990 42
3 4 89
4 609 346
2 10 990 64
4 867 955
1 6 998
2 5 990 62
4 296 769
3 7 10
2 5 990 84
4 931 257
2 8 990 77
4 754 521
1 6 999
1 5 990
3 3 14
2 4 996 86
2 5 997 75
3 5 80
2 7 994 95
4 47 101
1 3 996
1 6 990
4 373 102
4 621 981
1 4 995
2 4 992 73
3 7 9
2 9 994 51
1 7 990
4 57 721
3 2 25
1 1 999
2 1 991 17
2 3 992 3
1 9 999
4 957 467
1 6 990
1 9 999
4 305 983
1 6 997
3 1 72
2 9 996 14
3 1 51
4 605 888
3 8 28
2 1 990 30
1 1 992
1 5 996
4 561 343
4 951 781
2 5 990 99
2 1 994 58
3 1 23
2 9 990 62
4 501 311
1 6 996
2 4 994 93
4 893 69
4 646 199
1 1 994
3 8 22
2 3 992 54
4 252 209
1 8 998
1 1 990
3 1 27
3 2 7
1 6 994
3 3 86
2 4 994 6
1 1 998
2 6 996 65
3 3 75
4 226 601
4 449 809
3 6 13
4 945 345
2 2 995 87
1 8 990
4 480 419
4 292 12
2 1 990 23
1 9 999
3 9 34
2 10 990 48
2 2 998 35
4 153 714
2 10 998 11
1 1 992
2 1 994 77
2 9 997 5
3 1 53
3 4 61
3 9 19
2 1 990 39
4 458 579
2 1 996 91
1 3 993
1 2 992
4 611 960
4 279 301
4 915 373
2 1 995 63
4 314 676
4 422 586
3 1 89
2 1 995 54
1 5 995
2 1 991 63
4 233 641
2 1 990 78
2 1 998 0
4 401 445
2 9 996 7
2 7 994 40
4 770 353
1 3 998
2 1 995 69
4 279 693
1 7 994
1 7 996
4 205 545
2 1 994 63
1 7 994
1 1 998
4 176 667
1 2 994
3 3 85
1 7 990
2 7 994 38
4 501 223
1 7 990
1 3 997
1 7 991
1 7 990
4 17 775
3 6 98
3 6 14
2 5 994 30
4 231 539
2 1 995 37
3 5 48
2 3 998 20
4 826 433
4 244 921
1 4 992
4 716 417
4 575 643
2 7 995 53
2 5 990 18
4 386 94
1 5 990
2 9 990 83
4 531 449
3 1 33
1 7 994
4 856 46
3 3 11
1 1 997
2 2 994 94
2 9 998 18
2 5 995 58
3 6 18
2 7 997 55
3 9 35
3 3 86
2 3 990 34
4 513 651
4 650 576
4 361 421
1 5 990
2 6 996 80
4 519 661
1 7 990
1 3 990
2 8 994 21
4 350 248
4 655 750
4 881 207
2 1 991 68
4 307 455
2 9 996 32
4 517 697
2 9 991 71
4 681 107
3 7 66
3 7 19
2 1 998 60
4 176 127
3 1 95
3 6 75
1 3 994
4 477 967
1 1 996
3 1 86
1 1 990
4 447 901
2 6 995 1
2 3 993 7
3 5 26
1 6 994
2 8 992 12
2 6 994 78
2 7 998 37
4 626 108
1 9 998
3 6 68
1 1 996
3 6 25
1 5 990
2 2 992 52
4 830 189
4 281 936
2 7 998 48
1 7 996
3 1 86
1 4 990
2 2 996 62
4 373 533
1 7 996
2 10 999 66
2 5 993 70
1 1 992
3 5 96
2 7 994 0
1 4 993
4 819 561
4 451 89
4 442 367
1 1 996
3 4 28
1 7 995
3 1 82
2 9 996 11
2 5 990 67
4 858 171
4 73 775
4 176 354
2 3 990 65
1 7 998
4 260 905
4 421 501
4 581 64
3 7 90
3 8 80
4 916 995
2 9 997 7
4 521 653
2 7 990 42
3 9 4
1 1 990
3 2 66
2 9 995 10
4 191 708
2 1 992 87
1 5 997
3 9 21
4 521 471
4 830 9
1 1 992
2 1 994 28
2 3 994 90
1 1 995
1 6 995
1 1 990
2 7 990 85
4 383 209
4 625 30
3 3 65
1 7 998
1 1 995
2 7 996 70
4 286 185
4 238 746
2 9 993 49
3 5 99
1 5 995
2 5 992 91
3 1 6
1 7 990
4 801 22
1 3 990
4 41 161
1 10 996
2 9 993 35
2 6 996 33
4 176 321
4 996 776
4 365 263
2 10 995 1
1 8 991
3 8 2
4 29 91
4 687 343
3 1 50
1 7 990
4 895 881
2 3 992 64
2 9 990 40
1 5 994
2 9 998 8
2 7 990 79
4 269 702
3 5 88
3 3 25
1 4 992
4 221 441
3 6 68
4 575 127
2 1 990 94
2 5 999 71
4 293 708
1 1 993
2 7 996 44
4 669 225
4 115 836
2 1 996 28
4 821 321
1 1 990
3 5 38
4 322 881
2 1 998 46
2 4 994 34
1 10 990
4 345 461
4 4 447
3 1 70
1 8 998
1 5 995
4 376 508
1 9 991
4 865 758
3 1 89
1 5 992
2 1 996 31
4 481 416
2 1 992 71
4 177 33
1 1 992
4 872 647
4 686 481
2 1 998 68
3 3 20
2 1 992 81
1 5 990
1 9 992
2 1 994 74
2 9 994 85
3 1 71
3 9 51
2 3 996 73
2 7 990 44
2 3 994 68
3 7 55
2 1 994 21
1 1 995
4 273 447
1 5 999
1 1 990
2 6 993 27
2 1 996 71
4 9 800
2 9 995 83
2 3 996 94
3 1 47
2 10 994 44
2 4 994 12
4 501 411
3 5 12
2 9 999 24
4 312 625
2 1 996 78
1 6 996
3 7 8
2 1 996 49
3 1 92
3 1 8
4 401 704
3 6 36
2 4 994 77
4 58 351
2 9 994 12
3 1 23
3 3 88
4 483 295
4 176 783
2 5 990 3
3 6 53
1 1 990
3 1 97
1 9 992
3 9 63
4 729 877
1 2 996
2 9 996 33
2 2 991 17
2 1 997 75
1 7 990
2 3 990 36
3 7 60
2 10 993 55
1 3 996
1 6 999
2 3 994 62
1 1 994
3 7 50
4 915 923
3 7 83
1 1 996
2 4 998 86
2 5 995 78
1 1 990
4 861 443
1 1 996
2 1 998 91
2 4 990 86
4 456 471
2 1 997 93
4 749 465
2 7 993 50
2 1 994 11
3 1 28
2 9 991 29
2 5 990 81
3 9 70
3 1 76
2 1 996 91
2 2 992 3
4 819 585
3 6 41
4 505 249
1 5 995
3 3 67
4 649 688
3 8 53
1 6 992
2 7 998 28
3 3 13
3 1 88
4 958 329
3 1 16
4 563 709
2 3 995 33
4 43 105
4 49 937
4 621 21
2 9 990 21
1 6 991
2 6 990 84
4 893 651
4 657 373
2 1 991 68
3 7 75
4 701 58
3 1 48
3 7 19
4 326 985
4 231 937
3 3 85
3 1 75
2 10 991 35
4 466 537
3 3 20
1 9 998
3 8 82
2 1 999 25
2 5 992 52
4 923 446
1 2 990
2 6 994 60
3 5 36
4 931 529
2 2 995 56
3 1 30
4 197 161
2 6 990 11
4 983 359
2 5 999 29
2 8 990 42
2 7 998 70
2 1 999 45
2 5 998 49
1 1 999
4 81 807
4 133 731
1 2 994
4 385 256
2 1 994 65
4 769 511
2 1 993 5
4 433 901
2 9 991 69
2 9 995 51
4 676 776
2 1 994 89
2 6 994 58
4 45 359
2 7 994 85
2 9 995 83
4 881 745
3 4 24
1 6 994
2 5 990 18
4 545 569
2 7 996 89
3 9 88
2 5 996 87
2 8 996 91
3 3 68
3 3 61
4 878 601
2 2 990 49
4 409 411
4 529 476
4 493 149
2 7 994 46
2 1 990 53
1 1 994
2 5 991 43
3 1 42
4 968 318
2 9 990 67
4 797 321
2 7 990 57
2 9 995 25
3 5 52
4 877 791
4 77 401
2 6 990 38
2 9 993 72
2 9 996 83
2 9 990 56
1 1 990
2 5 992 25
1 3 992
1 9 999
1 10 994
2 1 990 15
2 8 990 56
2 3 995 60
4 937 296
2 1 998 42
3 9 31
2 6 990 44
2 3 994 57
4 104 121
4 509 797
2 3 995 31
1 9 990
2 5 990 64
1 1 996
4 931 934
1 5 994
4 276 574
4 97 726
3 1 19
4 765 437
1 5 990
4 97 113
3 3 98
3 7 20
2 7 996 22
4 985 560
4 151 205
1 5 998
1 3 992
3 3 60
4 264 205
3 3 89
4 253 403
2 2 994 11
3 7 5
2 2 990 25
2 3 990 35
2 5 994 65
4 560 233
2 1 990 28
4 121 308
4 746 231
1 4 998
4 687 3
3 3 80
2 2 998 53
1 1 996
4 432 689
1 1 994
2 3 990 59
2 1 992 31
3 8 25
2 6 995 35
2 6 994 9
3 6 68
4 227 100
2 10 994 79
4 681 362
1 2 996
3 2 22
3 2 83
4 947 700
1 3 990
4 926 692
2 4 990 70
4 243 541
2 3 992 86
2 7 992 92
2 5 998 33
1 10 990
2 4 990 75
4 183 937
2 2 990 47
2 6 994 5
4 947 339
3 7 60
2 10 992 66
2 1 990 90
1 6 993
3 9 59
2 3 990 88
3 1 64
1 5 990
2 5 998 3
2 3 994 80
2 3 993 21
4 485 961
3 10 27
4 609 388
1 10 992
4 318 357
2 6 990 30
1 1 990
4 101 55
2 9 994 60
4 82 165
2 1 991 23
3 3 76
2 7 996 69
4 255 997
2 8 992 36
4 90 994
3 5 21
1 8 994
2 1 996 43
2 9 990 39
3 1 9
1 9 998
2 7 998 51
2 1 990 80
1 7 995
4 106 697
3 6 35
1 4 998
2 4 990 11
4 601 429
1 7 990
4 289 736
4 86 477
1 1 993
3 7 30
2 1 992 37
1 1 990
3 6 88
3 8 42
1 7 994
4 635 1
1 1 994
1 9 996
4 601 575
4 596 437
4 741 831
4 705 966
2 3 999 68
2 10 996 30
2 1 992 68
3 9 23
3 2 75
2 10 992 31
2 1 992 21
2 9 992 92
2 3 992 37
2 1 995 28
2 7 993 24
2 3 995 96
1 7 994
2 3 996 26
2 5 998 66
3 1 0
1 3 994
4 768 401
4 814 355
2 6 997 25
1 1 990
3 7 20
4 899 456
4 603 494
2 1 990 23
4 599 529
4 713 202
3 3 90
3 5 32
4 469 341
2 7 990 94
4 1 284
3 9 10
2 5 994 6
2 7 992 20
3 6 23
4 461 537
4 801 496
4 953 821
