200.00 200.00 64
149.01 105.92 3.49 0.23 1.66
30.38 116.93 3.30 0.89 6.25
178.46 174.14 2.93 0.76 4.82
98.58 61.49 2.35 0.95 1.75
104.19 12.06 3.61 0.02 1.30
65.29 101.15 3.96 0.89 4.74
25.69 77.50 2.67 0.86 1.29
145.91 188.38 4.16 0.15 1.55
127.60 55.28 2.10 0.51 2.39
175.83 156.13 1.94 0.52 0.98
55.58 170.44 3.55 0.02 3.41
98.62 143.63 1.68 0.20 1.34
116.99 126.61 3.44 0.96 0.03
79.39 47.17 4.00 0.98 2.28
106.73 69.18 3.46 0.12 0.19
43.03 195.89 2.98 0.56 4.81
158.00 173.70 3.49 0.40 2.47
37.50 52.53 1.68 0.99 5.80
18.11 59.07 3.82 0.83 0.47
22.12 139.22 4.10 0.26 5.88
149.19 25.87 1.86 0.71 0.49
80.83 188.31 4.56 0.94 5.54
54.07 119.61 4.02 0.81 2.32
60.50 118.06 4.34 0.06 2.00
26.98 19.04 2.28 0.80 5.92
34.19 33.53 1.76 1.00 5.73
129.37 149.44 1.77 0.74 0.08
189.43 52.25 3.65 0.57 1.22
190.69 20.82 4.01 0.69 2.09
141.53 155.07 4.18 0.24 2.76
34.16 191.33 2.44 0.51 4.00
71.82 61.98 3.04 0.38 4.18
127.55 55.43 2.20 0.66 1.25
90.94 132.76 3.00 0.77 4.81
58.96 57.22 4.49 0.31 3.36
27.18 92.88 1.91 0.14 4.81
37.64 128.72 3.20 0.37 1.30
39.67 184.25 2.96 0.86 1.23
19.71 153.15 2.85 0.80 4.89
56.71 140.95 4.45 0.75 3.77
58.97 53.20 4.04 0.96 5.46
39.07 190.12 1.82 0.06 1.01
82.71 104.33 4.21 0.16 2.21
68.21 77.60 2.06 0.47 2.88
92.43 73.03 1.75 0.23 4.21
59.65 118.84 2.63 0.33 2.16
189.67 180.11 3.51 0.30 1.70
101.16 74.60 3.59 0.98 5.96
26.78 88.98 2.72 0.70 1.17
16.09 51.76 2.21 0.16 5.06
82.69 118.96 2.23 0.92 4.46
151.65 29.11 2.88 0.60 0.71
163.69 83.50 2.13 0.78 1.38
192.18 8.12 3.47 0.70 0.67
129.25 153.51 2.78 0.67 0.77
197.42 188.71 3.01 0.36 3.55
42.73 145.64 2.24 0.90 5.75
65.83 170.06 3.79 0.89 2.75
147.23 35.53 2.93 0.26 2.38
22.85 176.36 1.76 0.13 3.78
66.34 96.11 3.86 0.59 5.59
134.15 107.61 4.39 0.57 4.63
29.90 60.91 2.10 0.59 5.49
43.97 15.39 3.90 0.74 2.11
100.00 100.00 2.50
